(0.47405192,0.717662,9.853935)
(0.0465371441754,0.0651851910135,0.879064934286)
(0.0754108572762,0.104247239324,1.41442162664)
(0.100665279151,0.1411208207,1.90478138912)
(0.120987229133,0.17245191581,2.33982163068)
(0.134743605489,0.197387252263,2.73571433161)
(0.151893174494,0.220582630549,3.09919173271)
(0.1716895351,0.242326688831,3.43276957349)
(0.185968833777,0.26229808193,3.73951538857)
(0.207240115922,0.280499445492,4.00906038797)
(0.207240115922,0.280499445492,4.00906038797)
(0.220968127682,0.277080518377,4.00699986232)
(0.230521995119,0.275382812155,4.0037996207)
(0.245649206324,0.280741535013,3.99396633901)
(0.257335603186,0.288399885042,3.98948679288)
(0.262903017354,0.297319991019,3.98902957151)
(0.266594050761,0.30147252755,3.98276767485)
(0.281413596826,0.313276386162,3.97085180766)
(0.293922965113,0.327271872059,3.96310278841)
(0.310054683488,0.340764562364,3.96070285028)
(0.309736744507,0.346719237521,3.95763517824)
(0.311986167388,0.352945920329,3.95223655025)
(0.30935897548,0.353353634971,3.95483363877)
(0.307931317343,0.353319524861,3.9575936489)
(0.301116485775,0.34688767726,3.96387231732)
(0.31218306937,0.343185938556,3.97259139362)
(0.310914954729,0.336039518047,3.98587190869)
(0.310864788923,0.32566852681,3.99030777719)
(0.310163272884,0.31340759082,3.98564505862)
(0.307492000246,0.305942493553,3.9857905955)
(0.307672664317,0.303422394414,3.99361114604)
(0.304749970343,0.300269927432,4.00370137182)
(0.302495689342,0.299856031904,4.00892077589)
(0.305331472787,0.302640210067,4.01014844208)
(0.307904129686,0.308389185479,4.0124293094)
(0.304650628947,0.31846565711,4.00354783913)
(0.303071717445,0.327200622202,4.0013633964)
(0.300585812111,0.335080907733,4.00091405589)
(0.301030488847,0.342611323319,4.00491515024)
(0.300530318419,0.351938776524,4.00690574335)
(0.299751507471,0.35874096254,4.00244606059)
(0.301176221963,0.36725496895,3.99394365097)
(0.300679844704,0.371052809538,3.99375123231)
(0.295684376209,0.374404545852,3.99041908004)
(0.297390279609,0.373245389284,3.9880688733)
(0.302409264951,0.369337138459,3.99141014314)
(0.303519192686,0.363925211336,3.99533252039)
(0.304998803686,0.356930446162,3.99477019287)
(0.309075916878,0.351379809873,3.99206439572)
(0.310559316732,0.348950336402,3.9911652415)
(0.31160603343,0.343089335639,3.99600279014)
(0.312055823409,0.335688143774,3.99438517835)
(0.315037405092,0.332046693713,3.99044333641)
(0.317968428219,0.328078816477,3.99066133652)
(0.316501265871,0.324303084482,3.98812374138)
(0.317222649773,0.320346765757,3.98505755169)
(0.318961019772,0.321411058881,3.98861774359)
(0.317813968255,0.32454708586,3.98993041681)
(0.315426567984,0.324332466159,3.99356170851)
(0.317825228351,0.322477031785,3.99150344067)
(0.315106857081,0.326830297018,3.98391417794)
(0.314624967103,0.327680852544,3.98464831657)
(0.311046298917,0.327516627802,3.98390085333)
(0.309696779133,0.335550265801,3.98706553789)
(0.310231780194,0.343241141105,3.99032246967)
(0.31151802557,0.349150544193,3.98578096742)
(0.311026439037,0.353758144871,3.98620215152)
(0.308935369552,0.352317216266,3.9850090307)
(0.3060915744,0.356798714429,3.98067948524)
(0.308228535727,0.355258660438,3.98524021254)
(0.311291633421,0.346717445545,3.98612334843)
(0.312527387004,0.341704157976,3.98580617173)
(0.314143115558,0.331670749108,3.98214221313)
(0.312441985388,0.320904837949,3.97878370241)
(0.310452568966,0.317781850952,3.97892952066)
(0.310611080453,0.311214710276,3.98351929466)
(0.31571648196,0.303999873245,3.98392727089)
(0.319683339045,0.301350066555,3.98547162428)
(0.321264039117,0.301053385841,3.98123933939)
(0.320796749038,0.303475950084,3.9845738476)
(0.318174057749,0.305710365316,3.9882898497)
(0.318772995269,0.31047014898,3.9949299862)
(0.318142031142,0.317669345282,3.99697684653)
(0.318204903765,0.325885643391,3.9927540762)
(0.315786745964,0.333166389373,3.98877738163)
(0.314230925576,0.340695063917,3.98598088998)
(0.312826938479,0.346524420613,3.9853775918)
(0.309592268169,0.352370342885,3.98470515521)
(0.307004212462,0.355720314306,3.98088527192)
(0.306941348711,0.360628534731,3.9726316132)
(0.30723653055,0.362376337163,3.97167357741)
(0.306279090993,0.365801434881,3.96449295398)
(0.30532407702,0.366357212817,3.96081086331)
(0.302488031317,0.364720740691,3.95801048543)
(0.304564811904,0.361797633632,3.95648860669)
(0.307490733286,0.357456438675,3.95277060631)
(0.307054728946,0.352441970993,3.95784801253)
(0.305563172798,0.348938536883,3.96377935569)
(0.306254033539,0.342852866199,3.9728500501)
(0.305300791818,0.336318449846,3.97165761934)
(0.306603823267,0.331227235779,3.97095176861)
(0.309202313834,0.327109775536,3.97566476217)
(0.308514677735,0.322115951479,3.97943882371)
(0.307670023058,0.317057803724,3.98294783332)
(0.305727816441,0.31803944804,3.98700766429)
(0.304473696141,0.319233085213,3.99154077459)
(0.305968257868,0.320417865103,3.98854276877)
(0.300163522373,0.323297232685,3.98514604974)
(0.297693950913,0.32738630258,3.98370138035)
(0.298671092815,0.33509092273,3.98269675056)
(0.294380682707,0.346271576961,3.97707731507)
(0.290046009167,0.356393113656,3.97691756763)
(0.289823760141,0.362890269861,3.978978913)
(0.291091602646,0.363000296192,3.97652597297)
(0.291289214837,0.362489392052,3.97077881261)
(0.289074949902,0.363380728239,3.97122129843)
(0.289201674033,0.365937118482,3.97339151214)
(0.292623435111,0.3661730469,3.96915041901)
(0.293216538765,0.3642919834,3.9736512394)
(0.293146595074,0.357269896397,3.97833331331)
(0.294662684245,0.349692845559,3.97777665988)
(0.295327451188,0.342373371416,3.97286494928)
(0.295898989598,0.337683019289,3.96669896379)
(0.299182888635,0.334235100559,3.97330989711)
(0.303380519301,0.328693109965,3.97469027687)
(0.303823438506,0.324038240087,3.97446178078)
(0.305859070882,0.320350930396,3.97275910502)
(0.308035789292,0.318509834895,3.96993382389)
(0.309634715991,0.316992189248,3.96584773081)
(0.309851570883,0.317994801264,3.96853481676)
(0.30974608345,0.319766291764,3.96919451848)
(0.308933995199,0.32636838319,3.97368732936)
(0.307162197144,0.331180096929,3.96706025227)
(0.302973785112,0.33705484677,3.96073709767)
(0.303538268309,0.347085123265,3.95906381771)
(0.305488001364,0.353540073781,3.96130785692)
(0.302488407068,0.352980038977,3.96951410218)
