(0.45968673,0.6841431,10.02153)
(0.042028482124,0.0641025656143,0.892253125685)
(0.0670476701038,0.103848084275,1.42056974818)
(0.0882056154643,0.140025087829,1.89848861241)
(0.10524020715,0.174242297089,2.33362853171)
(0.118943325788,0.203715898751,2.72961776633)
(0.131654346296,0.231046032184,3.08981446607)
(0.14756241811,0.25420653405,3.41952718822)
(0.163005329394,0.275167742937,3.72158409906)
(0.171709460453,0.29382270827,3.99889477121)
(0.171709460453,0.29382270827,3.99889477121)
(0.169946482055,0.291772879095,4.00453074932)
(0.16973069606,0.2871476798,4.00641720757)
(0.171745712281,0.284902780844,4.01231542617)
(0.174290710007,0.282658861481,4.01713411766)
(0.172819735554,0.28095073001,4.0158338721)
(0.167122494042,0.27332945631,4.01133417153)
(0.166613129766,0.265984283162,4.00979256687)
(0.164398712043,0.261149156266,4.01025981931)
(0.16230723143,0.253002224926,4.01157582057)
(0.159134680011,0.252078645277,4.00790005745)
(0.153282640287,0.25136820831,4.00674222235)
(0.133909319735,0.244249598012,4.00906585703)
(0.128918697968,0.235719831145,4.01474492111)
(0.153688342497,0.232018431238,4.0164668931)
(0.179362750426,0.238412071188,4.00865945316)
(0.227009251593,0.257005849381,3.99811087744)
(0.271003201704,0.268435509169,3.98968885946)
(0.292775103308,0.279336762854,3.99206096617)
(0.309126341313,0.2872176682,3.99360275313)
(0.331751995051,0.288746823129,3.99200002162)
(0.344538656034,0.292494033739,3.99295345336)
(0.36921169721,0.307301993017,3.99566131748)
(0.372026873586,0.315167228037,3.98951219262)
(0.378551483167,0.322115356541,3.98911464605)
(0.379185255135,0.318074132097,3.99338945478)
(0.362595941321,0.311941372955,3.9989186037)
(0.355441539812,0.309061838442,3.99829793291)
(0.356930487528,0.30599881435,3.99850740758)
(0.357312167279,0.301833238114,3.99935590236)
(0.355853084139,0.300373821441,3.99580723866)
(0.358975176359,0.293996934717,3.99266604844)
(0.358375063167,0.289501388152,3.99070127688)
(0.35587406962,0.282815856603,3.99463181767)
(0.357479311758,0.280179256104,3.99471289306)
(0.358070348472,0.283012511598,3.99176547204)
(0.356553664512,0.284135569505,3.99579958185)
(0.356681867049,0.285284165441,3.99794968131)
(0.355914634951,0.286890757452,3.99320514129)
(0.359034618337,0.290936461254,3.99556923638)
(0.362290929964,0.293909144853,3.99037488673)
(0.365168051127,0.293880856907,3.98707466657)
(0.366349172699,0.298920743526,3.98767683678)
(0.368768371172,0.305695215692,3.98888347301)
(0.368186966104,0.311301705072,3.98875402941)
(0.365690019348,0.311184505828,3.98866094192)
(0.365068588347,0.308896926609,3.98202021356)
(0.364374086875,0.30753414614,3.97952974243)
(0.362241050472,0.307252991869,3.97265695842)
(0.359660549911,0.307381155548,3.97056494354)
(0.363452635663,0.308989070196,3.97458067078)
(0.363633707098,0.303641350461,3.97571555327)
(0.364156099555,0.302115100862,3.97004571787)
(0.358622690545,0.29810038262,3.96753568729)
(0.356695109197,0.296488621822,3.97135822575)
(0.363700424227,0.297577464125,3.9731519904)
(0.370668229065,0.300912985317,3.97677927154)
(0.373142213434,0.302484035814,3.97318176949)
(0.373210750406,0.305060992474,3.97466580257)
(0.371005589388,0.304159552938,3.97633193657)
(0.363045782457,0.302396616329,3.9822032428)
(0.364302805388,0.304969768113,3.98380148632)
(0.369526332981,0.310566037053,3.98195670368)
(0.376035031202,0.316249772541,3.97626950733)
(0.378783233038,0.322799621211,3.9706849222)
(0.371292639722,0.327146358085,3.97170794765)
(0.360405770929,0.327785690721,3.97936816357)
(0.361870135719,0.332054389748,3.98076632115)
(0.362121587416,0.333179797906,3.97947452089)
(0.362995288185,0.330757207709,3.98989720699)
(0.3669123551,0.32555431924,3.99680535438)
(0.361831877149,0.318366229839,3.99881815925)
(0.362238480288,0.3109170971,3.99630733062)
(0.361922441844,0.303880343894,3.99683226939)
(0.360447872625,0.299254656261,4.00256476609)
(0.363552041794,0.297354846304,3.99683692308)
(0.365238519721,0.293882674797,3.98655639743)
(0.361934710293,0.289075505045,3.98471010427)
(0.362360452231,0.291352755769,3.98378727746)
(0.364330365061,0.297070763132,3.98569213315)
(0.36616145934,0.305793227632,3.9796635384)
(0.36694401877,0.313411634229,3.98039498883)
(0.364550120495,0.318547150933,3.97899316082)
(0.360026280066,0.322030064653,3.97105897429)
(0.357454724899,0.325189218355,3.97121041648)
(0.361771499711,0.326644432293,3.97507745367)
(0.364122587518,0.332083746477,3.97550500792)
(0.360749175772,0.338251338939,3.97710714525)
(0.353590380388,0.341779181444,3.97148648745)
(0.34440893905,0.344515620123,3.96967977392)
(0.342774595852,0.339382649961,3.97612790443)
(0.340769001398,0.335293942878,3.97971873366)
(0.342769845309,0.331266008509,3.98412621477)
(0.341184964201,0.3247760191,3.99081935823)
(0.336310466389,0.317690655777,3.99063970452)
(0.33280320836,0.314109839055,3.98891718927)
(0.332360230376,0.308018369972,3.99343209871)
(0.334219355095,0.302790619045,3.99935604962)
(0.339332709945,0.295328761426,4.0007558402)
(0.345362366554,0.290904522923,4.00523702248)
(0.353669200054,0.28914870664,4.00195886994)
(0.352056976914,0.291431920387,4.00331465359)
(0.347915341407,0.291645119512,4.00002250116)
(0.351720502577,0.29471383703,3.99397909666)
(0.353852429359,0.296008312131,3.99175553129)
(0.355639733475,0.300295977647,3.99071315507)
(0.357261358292,0.305847483064,3.98774957283)
(0.354827498666,0.314684237463,3.99126376803)
(0.344686301447,0.319405653534,3.99233194829)
(0.340826647826,0.328762129404,3.9882411215)
(0.335959381879,0.337005499872,3.98924316695)
(0.335989565252,0.341687479739,3.98874999012)
(0.336506953916,0.347338619943,3.98879744482)
(0.33778469842,0.348766688,3.98818221967)
(0.340020169035,0.347018691591,3.99013479767)
(0.340984168778,0.338836033209,3.99325635306)
(0.33926339658,0.331639020521,3.99029604694)
(0.337276614013,0.32582094317,3.98456124345)
(0.336027019395,0.322930547041,3.98500156704)
(0.336938430797,0.3111655735,3.98686846697)
(0.341144768864,0.303469555609,3.98913079549)
(0.344380753817,0.292758002663,3.99207700214)
(0.346863400956,0.288194814798,3.99636990799)
(0.346110897548,0.282922973111,3.99801388881)
(0.340208907924,0.278928385081,3.99598950426)
(0.340056231872,0.278052755088,3.9932666912)
(0.341675786845,0.275590482848,3.99027824148)
(0.346068066946,0.273334535397,3.9842218061)
(0.347531451244,0.277308716907,3.97881698145)
(0.345437618885,0.283429387424,3.97815592552)
(0.342241791459,0.294578472909,3.98071091756)
(0.340157281659,0.305429253465,3.97569639991)
(0.339123896368,0.311788824437,3.97378397735)
(0.339621161001,0.321640850849,3.97616575095)
(0.340795048025,0.32847358645,3.97672940521)
(0.339869477904,0.332764748295,3.97351962575)
(0.337271566326,0.338161664174,3.97225529167)
(0.332736529026,0.339614904549,3.97228727556)
(0.328145004241,0.339978018608,3.97453700473)
(0.328483339044,0.3359850818,3.97697580364)
(0.330990825193,0.331558267947,3.98197726063)
(0.332872865034,0.324747987851,3.98989930844)
(0.333833550489,0.3194901714,3.99148126604)
(0.336322888608,0.30916885926,3.99266306319)
(0.341380827034,0.299312105683,3.99185119675)
(0.343909864208,0.289995018491,3.99839752502)
(0.346084627446,0.285401384582,4.00586080843)
(0.351098073588,0.284237401544,4.01053245791)
(0.35464955171,0.283964876457,4.01403921388)
(0.353118063463,0.282475343898,4.00485158126)
(0.352038824786,0.286444196782,4.00123277281)
(0.351053857763,0.28722494147,4.00040175072)
(0.351324045002,0.292603154416,4.00167922752)
(0.349574001001,0.298814065386,4.00245627479)
(0.348286497696,0.302395342179,3.99901856717)
(0.348026971184,0.302522244059,3.99237181271)
(0.350927592903,0.305437836746,3.98445485371)
(0.350120789284,0.307506795746,3.97576530773)
(0.347716706391,0.316425710752,3.96824701031)
(0.346076472592,0.322226816238,3.9733336815)
(0.342642509645,0.327950696992,3.9802934622)
(0.341860864114,0.331890696028,3.98055673492)
(0.344113277131,0.333331558327,3.97873007693)
(0.341857200169,0.336045425626,3.98097567931)
(0.336814093519,0.336324809764,3.98128821248)
(0.336002376726,0.332239192006,3.98041953798)
(0.33666187162,0.326212339286,3.98395229831)
(0.340474238532,0.314087139676,3.98817878339)
(0.338574229286,0.299118865591,3.99417461658)
(0.34035973997,0.287472664434,3.99336126843)
(0.342593186171,0.279797749317,3.99370016152)
(0.343719420986,0.276625383885,3.99386065465)
(0.345016070672,0.270254221441,3.99470251967)
(0.348744702061,0.263168051765,3.99089193086)
(0.352474192997,0.263163986324,3.98963922431)
(0.348497653222,0.265321211284,3.99268044885)
(0.347229340617,0.271585637484,3.99433766469)
(0.348450905454,0.281010185999,3.99406280664)
(0.346034295491,0.289253243886,3.99419776622)
(0.343887618811,0.300175847013,3.99010757342)
(0.341727898331,0.307851745364,3.98776331743)
(0.337743606832,0.31107940804,3.98521334911)
(0.338697673193,0.311907050365,3.98116420163)
(0.334329724786,0.316790235375,3.98556410582)
(0.328773399958,0.324328218983,3.98748620764)
(0.325937411858,0.327104836762,3.98693252188)
(0.324217228086,0.326723098814,3.98617507441)
(0.325391901604,0.32542674583,3.98874535719)
(0.330191590524,0.32336304873,3.98695740846)
(0.346424397678,0.328738229851,3.97992307468)
(0.356319300508,0.328396964581,3.96880673264)
(0.344989633403,0.324265759534,3.96415892215)
(0.305400642569,0.311526327321,3.96743507562)
(0.272475026627,0.293374675055,3.98120952931)
(0.270865754455,0.278882492866,3.98838987414)
(0.258783886027,0.262093724753,3.9880146879)
(0.20952891355,0.244828863073,3.9963255097)
(0.171439647504,0.226545377006,4.01845702501)
(0.171681580625,0.217327676742,4.02104375581)
(0.158578755568,0.209483495018,4.02776827869)
(0.152411113576,0.21200347713,4.0294574025)
(0.144655262459,0.219304155363,4.0306152068)
(0.159730132896,0.230659761426,4.02384531009)
(0.151428084378,0.239066407439,4.02635660172)
(0.133421888753,0.251321586269,4.02419726801)
(0.129898180903,0.261165144473,4.02727915227)
(0.156426198648,0.276509320477,4.01974748349)
(0.160352264821,0.292828788135,4.01192356573)
(0.166661466594,0.301676206359,4.01189339972)
(0.172800854453,0.310699204709,4.00898293102)
(0.182854035494,0.311500220462,4.00407392764)
(0.191730543652,0.317671074554,3.99905614054)
(0.193372987925,0.317168944539,4.00041753634)
(0.201143020097,0.317430553157,4.00045740109)
(0.210096444767,0.320060212754,3.99683757934)
(0.212629215657,0.318836365483,3.99148575144)
(0.220280775762,0.313843538077,3.99379272585)
(0.224999929563,0.309245426265,3.99994945741)
(0.226673080918,0.30906180269,3.99654718428)
(0.22590167264,0.307933245253,3.99735342025)
(0.224288927662,0.304945413217,3.99932972573)
(0.228008196425,0.300973318986,4.00020204883)
(0.225101137066,0.300112158847,4.00022019317)
(0.219329939439,0.296868726151,4.00083692374)
(0.225327072658,0.296949499317,4.00396149251)
(0.2322247328,0.296529876738,4.00350690542)
(0.235855455077,0.298107393981,4.00155367217)
(0.238716490803,0.297992122832,4.00359408659)
(0.245809346347,0.302709162384,3.9993717491)
(0.249147254199,0.306071685818,3.99918894921)
(0.251440232421,0.31133155733,3.99866220717)
(0.244658940796,0.312681059467,3.98961853961)
(0.24416555838,0.315068602651,3.9903095162)
(0.245735514451,0.317174057916,3.98466935544)
(0.245088288046,0.317441189791,3.97572011094)
(0.24325237506,0.321075284897,3.97986861775)
(0.241538569074,0.326369879435,3.982851986)
(0.238640985169,0.33154105569,3.9786316993)
(0.234726093771,0.331795892015,3.97096684285)
(0.238183111346,0.32653688786,3.96328697936)
(0.24110859025,0.318339167358,3.97175926933)
(0.248802881387,0.315993895414,3.97657262804)
(0.24857173611,0.313386542004,3.97252638599)
(0.250562057304,0.309580743626,3.98868968141)
(0.258008411373,0.306493694226,3.99567990578)
(0.26405738406,0.308420494551,3.99194231574)
(0.265833761171,0.311551243651,3.9907444881)
(0.262823985146,0.313995316471,3.99502734198)
(0.260703589391,0.319813914805,4.00144225625)
(0.25580577706,0.325101127989,3.99810397953)
(0.251464133001,0.331448945971,3.991634287)
(0.244985228136,0.339380475451,3.99559926025)
(0.241749537279,0.347300953804,3.99248524322)
(0.237435892913,0.359560021154,3.98653504039)
(0.234976587038,0.364684870455,3.98480470929)
(0.239811812534,0.368048057372,3.98146954998)
(0.244500699586,0.364027778713,3.98036483151)
(0.240228350581,0.362846756814,3.97836782463)
(0.233277186824,0.363224294945,3.98049595279)
(0.230254639402,0.362236964241,3.98512784715)
(0.233363517372,0.357101948449,3.9788739393)
(0.242378573818,0.347852616887,3.97764166839)
(0.245629102559,0.343196703859,3.97408298406)
(0.248617357186,0.338185737333,3.97486500639)
(0.246879999988,0.333354064599,3.98224001631)
(0.237984793063,0.32794313434,3.99133289887)
(0.240069707876,0.326127515521,3.99667893898)
(0.247672324728,0.321227893929,4.00154334522)
(0.252289090736,0.311648800123,4.00148805828)
(0.253451832414,0.304313156383,4.00248445821)
(0.248114657846,0.303181565049,4.00498040114)
(0.24927909601,0.304621658223,4.0069097257)
(0.248648581731,0.304248956752,4.00421079589)
(0.243853475985,0.302547696793,3.99267162708)
(0.24587496087,0.309428690282,3.9853352713)
(0.252719595941,0.317405030941,3.98219688838)
(0.247690354883,0.325937163177,3.98399714506)
(0.236957309939,0.333970846258,3.98513519939)
(0.232199184612,0.339877076929,3.98618840205)
(0.238988708876,0.344899540402,3.98274951429)
(0.246997612012,0.350535140768,3.98475938002)
(0.243925303884,0.349991928673,3.99164772332)
(0.245967251177,0.359508660272,3.99110756291)
(0.245259954421,0.360144744796,3.98764416652)
(0.241273265438,0.352915667089,3.9829424445)
(0.237420986886,0.351666001826,3.98188554019)
(0.243263476777,0.344585713332,3.97823700928)
(0.250786848601,0.340548210402,3.97455062907)
(0.252199171279,0.332669053143,3.97527732999)
(0.24842675489,0.32426923967,3.97664230079)
(0.246857553827,0.321442872155,3.96631594581)
(0.243371944643,0.319529992742,3.96304052535)
(0.240425100353,0.31480211566,3.96912255535)
(0.242547807481,0.316353409192,3.97606126684)
(0.243918506668,0.316096408065,3.97789101511)
(0.24569050765,0.319339193174,3.97316023814)
(0.249072527575,0.322653013882,3.97125308387)
(0.254399006439,0.316717423946,3.97349802913)
(0.258553038842,0.320119286542,3.97223563746)
(0.256878079887,0.322061945685,3.97915515976)
(0.249823960871,0.322185964578,3.98588379082)
(0.242695520762,0.319541582278,3.99391259769)
(0.237094456279,0.319333394967,3.99694743736)
(0.233110950557,0.322517908456,3.99798854405)
(0.226672710203,0.326097491206,4.0000713203)
(0.223518816975,0.321512849475,4.00202543639)
(0.221881788689,0.322532050966,4.0014640557)
(0.223101631043,0.325519046373,3.99330911616)
(0.218438038491,0.319290787349,3.99326011123)
(0.209329112235,0.316347191672,4.0145531681)
(0.207557403417,0.315746492903,4.0233819438)
(0.21214894451,0.316019155188,4.01125136078)
(0.217391303053,0.310840043458,4.01262917866)
(0.21994329984,0.304993224984,4.01681516584)
(0.227888905878,0.295958427275,4.01583670847)
(0.22943881479,0.2913428566,4.01342896251)
(0.231005044434,0.291842489553,4.01535703084)
(0.227457263552,0.291468144707,4.0243752615)
(0.232542774449,0.292863949598,4.01967549467)
(0.23294000491,0.291174061016,4.00979729362)
(0.237675372027,0.289150528817,4.01059706856)
(0.235624414204,0.288929338074,4.01434246281)
(0.236903461269,0.291310013259,4.00572750843)
(0.23404771982,0.296676753037,4.00807473206)
(0.230604803128,0.304335475568,4.00882678786)
(0.228710565837,0.310594120977,4.00266941509)
(0.224463444223,0.315682952894,3.9986737816)
(0.222326101178,0.319170020812,3.99909570382)
(0.222841817874,0.322919498529,3.99940899373)
(0.220758099233,0.326316822282,3.99395456876)
(0.218666732966,0.32757392055,3.98798694812)
(0.220617935233,0.33344866716,3.99161904771)
(0.220471230354,0.33623746258,3.99642976164)
(0.223389047439,0.339037018975,3.99003043274)
(0.221619142657,0.337325310066,3.99024798384)
(0.222469110467,0.33368507673,3.99245523212)
(0.222467903917,0.331104566661,3.98856748372)
(0.222491714819,0.327576834884,3.98436057958)
(0.222159566874,0.324334159747,3.98432525483)
(0.225078686696,0.324814092852,3.98759865115)
(0.230643705673,0.327952090262,3.98578370171)
(0.229296678536,0.325984261698,3.98027582406)
(0.22536818156,0.319922576939,3.97794545094)
(0.226980054855,0.319101902151,3.98124710208)
(0.233171446194,0.319913121387,3.97680636251)
(0.235168941409,0.317865554084,3.97135823677)
(0.232607623616,0.316349677549,3.97319828704)
(0.230235293299,0.316604219231,3.97502295852)
(0.230911078255,0.317157381929,3.97743290029)
(0.224225151137,0.315818993907,3.98374050171)
(0.21771227281,0.31320907179,3.98382570278)
(0.218584356465,0.317351079709,3.99325562806)
(0.217581182492,0.319178688073,4.00245570657)
(0.211899158062,0.320083597988,4.00464740573)
(0.208478206752,0.323902629341,4.00447492237)
(0.210102378064,0.325409642487,4.00917941755)
(0.213813752197,0.327885602794,4.01298232055)
(0.213121471001,0.330133499741,4.0079274043)
(0.215078252359,0.330594306924,4.00087948244)
(0.220286371255,0.330357589109,4.00155777845)
(0.221061146168,0.327787900482,3.99838810265)
(0.222111801059,0.326472503572,3.99017760697)
(0.226466741386,0.324362426481,3.99026895779)
(0.233325915794,0.32027301893,3.9944744154)
(0.234636897697,0.320663264545,3.99269369309)
(0.236412671126,0.32216941391,3.99351901452)
(0.233742838567,0.320996092228,4.00218540891)
(0.236872705192,0.317415253228,4.00214486548)
(0.234967189196,0.315975052453,3.99973957957)
(0.229123918884,0.315631378626,4.00091884927)
(0.224112401356,0.320980565841,4.00385929962)
(0.221831941508,0.32028275153,4.00904420818)
(0.218625025581,0.316648058444,4.0043572693)
(0.216779543064,0.314822530312,4.00085074051)
(0.215611628545,0.316188463635,4.00089280456)
(0.217758869588,0.317443974623,3.99208746833)
(0.21966094711,0.316214499764,3.99371505762)
(0.214364258064,0.319400671493,4.00041347495)
(0.214941971974,0.323648005062,3.99829868767)
(0.217272643463,0.321708901746,3.99220924089)
(0.220586737943,0.316638055357,3.98601672221)
(0.225569219046,0.319849135554,3.98385660372)
(0.226060550901,0.321289446304,3.98732123252)
(0.226618988593,0.319601879539,3.98161141908)
(0.224952628904,0.315254095876,3.9792535923)
(0.221708041356,0.313703340541,3.98141833736)
(0.22121622596,0.315426272973,3.98417235763)
(0.220522891157,0.316009852566,3.98268643222)
(0.218448135876,0.315766890144,3.98174752851)
(0.221251044062,0.317684129676,3.9850712693)
(0.219913623618,0.319190613315,3.9882042059)
(0.217011626217,0.320212989249,3.99015576639)
(0.216776599716,0.317623024845,3.99571921048)
(0.213895662433,0.317895835683,3.99613306025)
(0.213030631483,0.321421003109,3.99745706837)
(0.214675426234,0.322572193846,3.9897456342)
(0.220752913594,0.321538595349,3.98073298782)
(0.224849867466,0.322951384954,3.97938397096)
(0.226875058656,0.324385333182,3.97691848907)
(0.22203469824,0.322960269649,3.97500216865)
(0.220497843156,0.32239738905,3.97960978681)
(0.22111392541,0.32470228834,3.98110471845)
(0.224692780113,0.329138475022,3.98011101156)
(0.228385891418,0.3295064995,3.98204995052)
(0.22912756423,0.32966915935,3.98399912158)
(0.224404631394,0.331044783752,3.98936963754)
(0.221961582887,0.329330631542,3.98713374047)
(0.221740729797,0.326684353814,3.98863310581)
(0.222191232192,0.322070907343,3.9905411725)
(0.219951847686,0.319385531454,3.98860688519)
(0.215347421819,0.318025915865,3.99026090815)
(0.216083511906,0.317238225616,3.99069678478)
(0.214040963189,0.311663739602,3.99208511691)
(0.21398479651,0.309117442133,3.9907076708)
(0.219307329182,0.307161934606,3.98893391453)
(0.220194929586,0.309236724276,3.99385631333)
(0.217979277911,0.314363934627,3.99727387685)
(0.218897398819,0.32009515936,3.99193478224)
(0.221879947365,0.325012438402,3.98756122756)
(0.227017730409,0.324609311734,3.98497816525)
(0.226223690131,0.319453898985,3.98715866583)
(0.222916292381,0.318622742993,3.99396635096)
(0.220893810366,0.319521907396,3.99477246027)
(0.215118266064,0.319567440745,3.99521262597)
(0.211807190829,0.322480367833,3.99560615036)
(0.214134384786,0.322557778886,3.98705497058)
(0.216048401613,0.321735677782,3.98325642707)
(0.215778717268,0.320471973527,3.98620790465)
(0.215781116137,0.319095329839,3.99228478967)
(0.217318961036,0.320829263211,3.99321218857)
(0.219160062885,0.320339622717,3.99008221267)
(0.219129707714,0.319181584808,3.9854577598)
(0.22049741909,0.319147180945,3.98333434037)
(0.219703601712,0.317356028664,3.98374908895)
(0.222434214989,0.317316790363,3.98131708353)
(0.220112127748,0.315119431109,3.98483519201)
(0.208552440838,0.312420115183,3.98785132635)
(0.198958416143,0.303478833107,3.99192709187)
(0.211731527705,0.288175522262,3.99436345705)
(0.214593657624,0.278404279681,4.00433616823)
(0.215184579986,0.279431125354,4.00273836727)
(0.216985173443,0.284968293161,3.99615526745)
(0.212257483179,0.293939198611,3.99609096423)
(0.220030023314,0.299816009596,3.9900735338)
(0.227243119233,0.301518979659,3.98451732577)
(0.245017579927,0.299699895212,3.97592835991)
(0.267387731088,0.297097596147,3.9733993634)
(0.281761653688,0.292114984104,3.97109333591)
(0.277327088997,0.286347716278,3.9699029862)
(0.289012328178,0.275367858193,3.96787087771)
(0.281663524528,0.261732665288,3.97841043361)
(0.296992882463,0.241981695093,3.97544120782)
(0.304887901275,0.222073158333,3.97681865222)
(0.316113766561,0.208514889617,3.9808780805)
(0.327298898563,0.197920750342,3.98827862565)
(0.330276892538,0.180661871937,3.99520404513)
(0.330063704171,0.167916560197,3.99622365026)
(0.329745186612,0.160766490817,3.99731993625)
(0.327587522843,0.156012774086,4.00203461234)
(0.328899386868,0.149218459153,4.005691834)
(0.329092948061,0.143113996252,4.01230812127)
(0.330080941191,0.150561261932,4.01068800861)
(0.328317377532,0.160349603178,4.01200846565)
(0.321920032578,0.172751856074,4.01091089974)
(0.312922848737,0.187667262666,4.00204518304)
(0.309378520034,0.198207278381,3.99643450394)
(0.312262550312,0.206539087098,3.9878299155)
(0.313137988002,0.211365089884,3.99107909641)
(0.306917544116,0.211589311403,3.99767412896)
(0.299335059858,0.223773101806,3.99728898735)
(0.292871791224,0.235796736555,3.99710479851)
(0.291726548304,0.242921433239,3.99889577226)
(0.301178801424,0.25011119905,3.98416136626)
(0.307251259681,0.253149062848,3.9840503009)
(0.305030829385,0.257915326616,3.98073532976)
(0.295927872386,0.263031367566,3.98639229737)
(0.287943096108,0.25987014265,3.99369584138)
(0.294349494024,0.258715862961,3.98960347125)
(0.303784838076,0.256832268797,3.98048377741)
(0.313331170795,0.24795070156,3.97009854123)
(0.319604850219,0.234208487199,3.96757549131)
(0.319419084107,0.21601160865,3.97746154799)
(0.312143330588,0.199812358836,3.98586723655)
(0.314617609099,0.189436079982,3.98450673707)
(0.321721175838,0.180733899581,3.9849010021)
(0.330064212622,0.172857685304,3.98694077845)
(0.330535760454,0.173577730332,3.98987392109)
(0.327441306845,0.172385539463,3.99279071386)
(0.327386132521,0.172446536496,4.00222637054)
(0.328697420166,0.175954843299,4.00391394865)
(0.327934770251,0.184928374844,4.00303127235)
(0.328437393605,0.188530987553,4.0025292853)
(0.332547822082,0.188939420623,3.99712074713)
(0.327602518185,0.186977067044,3.9958986024)
(0.31829081073,0.186290072334,3.99022908714)
(0.319111666,0.18967204599,3.98222864318)
(0.319982605997,0.196804476269,3.97999957352)
(0.320305163101,0.206388999188,3.97983790584)
(0.31101427688,0.22213110283,3.97539720058)
(0.306287629387,0.228174299665,3.97352989939)
(0.307094690457,0.229479058033,3.97028725462)
(0.311303911884,0.232164469398,3.9678538562)
(0.302926933241,0.235455829505,3.97059156889)
(0.300508373824,0.239503318892,3.97085653482)
(0.29925729729,0.24083528274,3.97599711057)
(0.301096594298,0.234577526279,3.9803146422)
(0.302439154634,0.227495729486,3.98313842753)
(0.311327727824,0.219239004339,3.9901178555)
(0.322319515899,0.208678374281,3.99332659972)
(0.328182124884,0.202457710498,3.99535195918)
(0.327596262496,0.194951063089,3.99941357673)
(0.32856010752,0.19056043721,4.00124850601)
(0.330347564463,0.183296249247,4.00152375609)
(0.33228439866,0.178963497503,4.00786823516)
(0.331892187393,0.179380770396,4.00762887014)
(0.32786149943,0.183002170996,4.00485124166)
(0.321661369959,0.178797775845,4.00763157432)
(0.314532804834,0.176057767547,4.00439699789)
(0.309736777752,0.181723152936,3.99762872807)
(0.303950960985,0.190873261527,3.98846203686)
(0.298281914511,0.198792147961,3.98355203889)
(0.288966617063,0.209547718831,3.98817777842)
(0.284560612053,0.212903219984,3.99753942802)
(0.286638574543,0.21898677149,3.99729945536)
(0.28589257438,0.239600260238,4.00421149154)
(0.283281576871,0.250366274673,4.01950967416)
(0.315497778328,0.261858410017,4.01184151444)
(0.319253252354,0.294458849433,3.98356091343)
(0.280619074906,0.321295979629,3.98106834934)
(0.270231104333,0.338933151815,3.98705292029)
(0.269330072162,0.351311913154,3.98282084279)
(0.267681589536,0.360511480999,3.97736914829)
(0.259602837514,0.374412162908,3.971600147)
(0.258824770989,0.377703133127,3.97047770014)
(0.269872888485,0.372589873883,3.9648790174)
(0.273381160389,0.38025875292,3.95448995525)
(0.258783763074,0.368827822086,3.96917177357)
(0.280806756501,0.350590114664,3.98495604525)
(0.289635267719,0.338771967867,3.98190065806)
(0.290325437384,0.32577141654,3.98793362056)
(0.292117709517,0.315833073346,3.99218072185)
(0.300934376707,0.308390638757,3.99419455026)
(0.304385424702,0.300122389694,3.99593046357)
(0.304505211704,0.294061379133,3.99444186522)
(0.306468814915,0.287927772713,3.99101784414)
(0.303014019916,0.288205211124,3.99395766854)
(0.300789895958,0.288501845205,3.99085556909)
(0.303218973078,0.293505038985,3.98839124157)
(0.301896776435,0.298358662801,3.98914712904)
(0.297750202406,0.306204391645,3.98876096172)
(0.291883988461,0.312228200764,3.98692314721)
(0.288718078851,0.319729362043,3.9799167015)
(0.287399891571,0.326284302258,3.97517710476)
(0.281872379509,0.336866249796,3.97463920442)
(0.282456960501,0.344929226963,3.97737359797)
(0.283761076378,0.355596701917,3.97462891843)
(0.281029385858,0.362239387743,3.97512368249)
(0.279547100222,0.367977636853,3.97317291475)
(0.277731038676,0.37118707142,3.97933140352)
(0.279473487411,0.372947005095,3.98055505322)
(0.282019166263,0.374385658924,3.97812111739)
(0.282816849719,0.373040155516,3.98036986015)
(0.285568327591,0.369219726024,3.98492583523)
(0.289212530178,0.361539451308,3.98924645283)
(0.295441962168,0.352876152901,3.99142754212)
(0.301649616702,0.342445426611,3.99428819747)
(0.302717213077,0.331407052833,3.99177290772)
(0.302322158689,0.320404857431,3.99290517208)
(0.304200980525,0.308645858534,3.99019438769)
(0.304754470711,0.299488029188,3.98740561986)
(0.305016668731,0.294907875286,3.98519406656)
(0.303988665874,0.292648321222,3.98399517454)
(0.30583242691,0.290471536539,3.98094894221)
(0.303261153626,0.291762986816,3.97871654938)
(0.299058636021,0.293247221009,3.97995812458)
(0.295772887132,0.295924137493,3.98453051765)
(0.293686242076,0.300177663091,3.98385283113)
(0.290255830654,0.307680732436,3.98370897528)
(0.289803550856,0.313615414111,3.98719390692)
(0.286290489575,0.32404954909,3.99120398493)
(0.286968737929,0.334897457125,3.98985362428)
(0.285980530863,0.342508998735,3.98961523345)
(0.28512205488,0.349478434621,3.98513348703)
(0.287281341458,0.354016032609,3.98048518215)
(0.290191584746,0.358331986164,3.97895830684)
(0.293047519549,0.364904577126,3.97605767312)
(0.294905779918,0.367116802847,3.97717021196)
(0.292451691333,0.365446627341,3.9796035995)
(0.295109532646,0.360791372928,3.98160547237)
(0.300838740798,0.352004655006,3.97900451696)
(0.299572655342,0.346303020409,3.97692702024)
(0.299350951409,0.34144086898,3.979669522)
(0.301341857506,0.337642059608,3.98620403629)
(0.303921563578,0.332700032661,3.98695098048)
(0.302989595325,0.326453224431,3.99053535846)
(0.303196687983,0.318001338081,3.98883133528)
(0.305608950099,0.310824649341,3.98187123963)
(0.310784570315,0.310752257502,3.98302322735)
(0.309604628562,0.312660192447,3.97950589863)
(0.306570209717,0.315551603523,3.97453045246)
(0.303443177955,0.324030854772,3.97139664868)
(0.30275323253,0.331147140709,3.96301090186)
(0.299871958142,0.336929436751,3.96319153963)
(0.297051584896,0.34333042097,3.96337483062)
(0.293513830103,0.348643799268,3.96515445591)
(0.290500212171,0.354071271407,3.97314296405)
(0.288235192191,0.363173562111,3.97398866362)
(0.285987024953,0.367455253523,3.97371919215)
(0.283163154664,0.368459844445,3.97839114635)
(0.282526346009,0.365953100123,3.97446919031)
(0.284026863155,0.36135204661,3.97642420262)
(0.283875060071,0.358836025691,3.97888836759)
(0.284596365372,0.358160388331,3.97775714546)
(0.290884960485,0.355466332214,3.98016163007)
(0.295085055558,0.355656212928,3.97978191591)
(0.300078550176,0.352985894615,3.98191000114)
(0.300016542007,0.344351236925,3.9812114027)
(0.300598518015,0.342309537273,3.9793750383)
(0.302402519002,0.337460486784,3.97476179805)
(0.305292459834,0.333252197135,3.98133823225)
(0.307510022802,0.332559151192,3.98392588984)
(0.310402094549,0.328769647497,3.9863725209)
(0.31009594524,0.326064454856,3.99076944373)
(0.307444379898,0.324460542304,3.99020181121)
(0.304914401721,0.321258101406,3.98719102853)
(0.305078706988,0.323893341255,3.98403512945)
(0.30842453845,0.325122336794,3.98388477153)
(0.306333680061,0.328741155827,3.99136701787)
(0.308794335322,0.331211332145,3.99393939866)
(0.305642938266,0.332484758515,3.98789911179)
(0.30204361678,0.333877447026,3.98944355138)
(0.298884933414,0.336870206174,3.99006012606)
(0.300030737818,0.339235410869,3.99216520552)
(0.301221323085,0.341881013269,3.9914978753)
(0.294997664233,0.34436991979,3.99099573589)
(0.285781955541,0.348714907804,4.00114204972)
(0.290336078222,0.354197011783,3.99771176393)
(0.293643418883,0.35749016917,3.99119072489)
(0.293298851133,0.360068653107,3.9910512732)
(0.297800124186,0.357797384478,3.99068391468)
(0.297639410746,0.349701356359,3.98600366413)
(0.298573639792,0.344777381758,3.98667851519)
(0.297256428136,0.341582112455,3.98939354458)
(0.296031285503,0.340668831706,3.9947660326)
(0.301020649492,0.341723983737,3.99047866071)
(0.301141663925,0.338626113768,3.98744382288)
(0.298153461596,0.331867326955,3.9954180292)
(0.300602537594,0.328222395245,4.00031738688)
(0.298204755228,0.324652811594,3.99650349017)
(0.298284961932,0.326482295424,3.99870751959)
(0.302933020332,0.327458726837,3.99808431181)
(0.305967184036,0.325350003364,3.99130015201)
(0.306939081331,0.327067489452,3.98333557147)
(0.307432496231,0.324649172866,3.98462443672)
(0.303120729274,0.325104495069,3.98987937045)
(0.301621307338,0.328986156425,3.98311180491)
(0.305093357849,0.336245152908,3.97494196258)
(0.305094624717,0.345345985098,3.97379032703)
(0.30916933252,0.346353903905,3.97169246171)
(0.311176765249,0.349080218049,3.97239928771)
(0.30876301528,0.351926435277,3.9702096998)
(0.303195092135,0.35106991752,3.9734892767)
(0.299086436152,0.350128403587,3.97669834685)
(0.297159954938,0.351191736293,3.9817231888)
(0.298238354056,0.352683386412,3.9851767012)
(0.294466055496,0.353101779855,3.99168138372)
(0.294125244524,0.347863383688,3.99201279841)
(0.295821419477,0.348417949796,3.99062712877)
(0.297939823772,0.348865390312,3.99043464846)
(0.299038231332,0.344816812746,3.98840293237)
(0.298838478472,0.343739565463,3.98853630503)
(0.299666577111,0.340788799216,3.98990947679)
(0.302195805425,0.339767032208,3.98500547407)
(0.307222458841,0.335525596363,3.98584158912)
(0.311617854303,0.329678834665,3.98887715651)
(0.311885395618,0.327909732169,3.98807352395)
(0.31432230396,0.330443263522,3.9921228307)
(0.310586750092,0.332974560834,3.98849511489)
(0.30774345559,0.337992037213,3.98785346552)
(0.306798694894,0.342063151301,3.99295022789)
(0.307540953445,0.347442004933,3.99459965888)
(0.304043129879,0.353710484378,4.0020861871)
(0.301268018092,0.354950093149,4.0044362158)
(0.293944958564,0.36139961256,3.99725147088)
(0.29268377654,0.366600839194,3.99762610075)
(0.288199269783,0.366418724649,3.99350734037)
(0.283075030674,0.367180435714,3.99092907577)
(0.280169161479,0.367080544192,3.98615710577)
(0.277324208784,0.365138971134,3.98447488183)
(0.27445339906,0.364158855292,3.98574485974)
(0.276865503364,0.360367185469,3.98360449924)
(0.282975878157,0.356125498875,3.9764597949)
(0.28916497295,0.357863280888,3.98140447264)
(0.299056895447,0.353650491121,3.97816357259)
(0.308211333803,0.353958134651,3.96951957334)
(0.315279411304,0.35526704393,3.96909724488)
(0.312829722523,0.35095232819,3.97563591814)
(0.301378498386,0.341569925603,3.97706614912)
(0.294468077913,0.333517097558,3.97717116479)
(0.273598260747,0.318092059065,3.99573787101)
(0.256079944057,0.311848165264,4.01415776212)
(0.256285191647,0.308753432312,4.01361451359)
(0.247865573973,0.305470271993,4.00867392707)
(0.243626041049,0.30526252196,4.00839227119)
(0.259191903436,0.294276630824,4.0058514348)
(0.263579643165,0.282071014517,3.99791306121)
(0.2223100191,0.281531891391,3.99830528886)
(0.196519409567,0.284335625533,3.99683647821)
(0.194651119273,0.286952367254,3.99397131287)
(0.201111094925,0.29419065609,3.98121879929)
(0.187458727969,0.293062404882,3.98342186469)
(0.185043308259,0.285502929797,3.98517294688)
(0.182467279395,0.279443411595,3.98964360259)
(0.178467155312,0.27549269531,3.99437993253)
(0.160244275087,0.281563784932,3.99832685768)
(0.167654707565,0.283410107302,4.00348637142)
(0.19157587811,0.282985288123,4.00369576853)
(0.189808141016,0.282844872178,4.00692362225)
(0.197977322339,0.287128804846,4.00122449544)
(0.199983538635,0.291782020279,4.00377160977)
(0.202203543767,0.301747880291,4.01116668932)
(0.197818764061,0.311185192383,4.01626434501)
(0.198544512112,0.316997434447,4.01453936794)
(0.197291975303,0.317602950284,4.01176065098)
(0.19720625028,0.321008232379,4.01092290811)
(0.197914120672,0.327852511212,4.00755146373)
(0.1984704355,0.335241164701,4.00166337521)
(0.199192333565,0.334091688641,3.99629146899)
(0.199015213749,0.333352585238,3.99777906234)
(0.200504112843,0.330890096335,3.99911484555)
(0.201647887524,0.331087203363,4.00136814466)
(0.20136020085,0.329335641556,4.00350233565)
(0.202117628112,0.329382329384,4.00410002366)
(0.203771201623,0.328882394656,4.00695347446)
(0.203718181204,0.327518157431,4.00793855793)
(0.203841418208,0.322155038974,4.0116448623)
(0.205362999634,0.319541387558,4.01358754745)
(0.203937911005,0.319976345656,4.01409784965)
(0.201468336119,0.321222745908,4.00920945789)
(0.199688340762,0.323275778992,4.00183136849)
(0.20193822618,0.320573401228,3.99750145792)
(0.203634529164,0.320374288337,3.99491719059)
(0.201337256842,0.33007838705,3.9928623617)
(0.195579951055,0.326892143132,3.99340780465)
(0.200512005032,0.325129536411,3.99559581495)
(0.206890535293,0.327471439044,3.99334824692)
(0.218522194602,0.32651755356,3.99136396042)
(0.228120326123,0.32810611944,3.9936055912)
(0.229424482596,0.330085874441,4.00189275537)
(0.232260465117,0.330840794753,4.01248590845)
(0.230518925949,0.331367064888,4.01860797467)
(0.240858329847,0.325976884586,4.01366627923)
(0.265073153445,0.320061184092,4.00344761131)
(0.279295310013,0.313842690643,3.99999868789)
(0.279495126556,0.303444266298,3.99962325491)
(0.281448206786,0.300230576379,4.00288369446)
(0.276888303933,0.292032015055,4.00130047094)
(0.281409193272,0.281383912468,3.99375847409)
(0.287604909906,0.274415796162,3.98441566995)
(0.298477193568,0.269038468157,3.97916892113)
(0.309459795332,0.262901725715,3.97483403206)
(0.302797443505,0.256397979149,3.98592990147)
(0.300048186626,0.251845208698,3.98789383456)
(0.299603489613,0.252861526045,3.98258664352)
(0.297776621232,0.251065139502,3.9808962179)
(0.298646056923,0.256403191194,3.98494452799)
(0.296989497775,0.26617004682,3.99304210469)
(0.296994615363,0.270193318617,3.99717583343)
(0.292954386159,0.278287012546,3.99743330654)
(0.289476519957,0.287589364409,3.99791760888)
(0.289290158512,0.29495942572,3.99432628596)
(0.291208890292,0.304081092103,3.99100460919)
(0.290385238807,0.312945842893,3.99211561473)
(0.29329999602,0.320197067462,3.98624458569)
(0.294688311205,0.327886527875,3.98229479442)
(0.297269996897,0.330419897889,3.98144681381)
(0.295860622447,0.336177932726,3.9820842993)
(0.294509367001,0.340931626616,3.98294026294)
(0.296470033572,0.341351537552,3.98088220528)
(0.302129173741,0.339641617803,3.97566257082)
(0.300361061586,0.332992701581,3.96975563204)
(0.294847737218,0.324376108048,3.96869369498)
(0.292754083705,0.316702498111,3.97964705983)
(0.290583694906,0.31338659116,3.99070183863)
(0.288702202334,0.310972639183,3.98677131394)
(0.291073649073,0.304981316649,3.98501524463)
(0.296902763478,0.297843424932,3.9877911321)
(0.30044776014,0.291866451822,3.98897293562)
(0.301279708135,0.286858056709,3.99218409921)
(0.299324786101,0.285214132718,3.99871940693)
(0.298356180759,0.286124174043,4.00693194442)
(0.297951022296,0.288916727545,4.01208581439)
(0.298302900439,0.293687456649,4.00741232588)
(0.298234948241,0.296813059877,4.01090672962)
(0.297344074866,0.301432918301,4.01421436281)
(0.29169886192,0.307247844378,4.01571500263)
(0.288564907457,0.312062229884,4.01464044673)
(0.285987092913,0.314729592131,4.00989461976)
(0.282835617999,0.315993819494,4.00582414739)
(0.279324357161,0.318356712741,4.0001775836)
(0.275886325508,0.317795330491,3.99082549118)
(0.276630446164,0.315307698443,3.99186122353)
(0.277086182619,0.313421548399,3.99434433613)
(0.277864121933,0.311594825414,3.99269225803)
(0.279751784496,0.310378456037,3.99240149056)
(0.277393080498,0.310542251892,3.99344234691)
(0.276238398439,0.313402112618,3.99383995307)
(0.274897037616,0.315101712705,3.99028685913)
(0.275494352434,0.31676436918,3.9828448884)
(0.27840463592,0.315815754317,3.98115525862)
(0.282924204014,0.312215587095,3.97805168559)
(0.288897392805,0.304726141799,3.96860862197)
(0.294989502292,0.299101409168,3.96172876594)
(0.294759127784,0.295416793407,3.96207831763)
(0.293547057052,0.289279096108,3.96582306817)
(0.296616181803,0.281062962259,3.97290672043)
(0.30297836577,0.27468929018,3.98580130803)
(0.311550119825,0.272193759072,3.99276126704)
(0.311041868111,0.272384895406,3.99963249704)
(0.309006323821,0.272702773719,4.00220118866)
(0.30606012339,0.275900952479,4.00736308765)
(0.302303730941,0.283414430179,4.00976556282)
(0.298976117526,0.288995982187,4.01053526444)
(0.296557927958,0.293256490356,4.01106816188)
(0.297628931894,0.301491779477,4.00527451245)
(0.296171392415,0.308825367308,3.99772036969)
(0.292373725482,0.319149790311,3.99444400609)
(0.289906832788,0.325339089887,3.9924129827)
(0.291273134983,0.329262770282,3.98397009287)
(0.292982742143,0.329908162956,3.97549586025)
(0.295954082954,0.326421349305,3.9657054966)
(0.302122895301,0.323412733175,3.96234059289)
(0.304156773582,0.324509517024,3.95879197441)
(0.303912815225,0.319342902632,3.9601646242)
(0.300982143248,0.316338091354,3.96333481016)
(0.300098058115,0.313552825728,3.96089273328)
(0.302954017242,0.31130185273,3.9574550985)
(0.312037093705,0.309127188184,3.96187232474)
(0.31878343059,0.306457203226,3.97041189581)
(0.318441837634,0.304230741231,3.97794198783)
(0.317453680305,0.302634911855,3.98507271766)
(0.317231762077,0.298339560686,3.98738306057)
(0.31772821091,0.299246936381,3.98598129638)
(0.319130678652,0.300952605429,3.98068085193)
(0.318102904888,0.297696391461,3.97731125204)
(0.317560151622,0.297464961181,3.98015511627)
(0.316332905704,0.301459802606,3.97927336476)
(0.312187695998,0.305872872173,3.97424981885)
(0.306845393809,0.307485961118,3.97423973598)
(0.305703628883,0.307712187448,3.97448172638)
(0.302144884924,0.309548666145,3.97727569978)
(0.299732998055,0.312617945172,3.98502087897)
(0.298713621418,0.313857891002,3.98890702023)
(0.292366230364,0.314572075106,4.00715696627)
(0.292040580854,0.315469774122,4.01704657697)
(0.298675402714,0.317688776931,4.01627495654)
(0.303801943927,0.320835911656,4.01324692508)
(0.307306344542,0.322363633655,4.00848719645)
(0.315005407554,0.321693740664,4.00281210059)
(0.319577568798,0.31957392151,3.99894824419)
(0.328159741116,0.31848571276,3.98918524922)
(0.33434695914,0.318757021475,3.98273669418)
(0.341666608829,0.319888802412,3.98412658136)
(0.358534262473,0.322293056792,3.97459638709)
(0.364865906697,0.318140617756,3.96848388876)
(0.355987082424,0.313481456144,3.97483781924)
(0.358762811543,0.314329454485,3.97561129553)
(0.362975202068,0.313617311317,3.97548991034)
(0.361817062252,0.310909605102,3.97854017755)
(0.35767140982,0.305854051843,3.98166755654)
(0.359962348783,0.305588030638,3.98159759063)
(0.360646513348,0.306562277184,3.9839776462)
(0.357780376854,0.308548407618,3.98329160715)
(0.345693910611,0.310546788096,3.98770626443)
(0.343291807519,0.319195250013,3.98804401108)
(0.340289392252,0.31982211667,3.98669285611)
(0.341052831976,0.326239562413,3.98389904842)
(0.342419514094,0.327795807103,3.98527567165)
(0.338212663748,0.326051478497,3.98644547329)
(0.338889961777,0.326218954074,3.97901168612)
(0.343459415829,0.328149671835,3.98034766841)
(0.344179585286,0.328883941315,3.98022429657)
(0.340195290825,0.325676209417,3.98494334797)
(0.33980881133,0.32437184863,3.98237354672)
(0.341051318285,0.326008326496,3.97913329703)
(0.342581863945,0.326922302861,3.98119629038)
(0.341144189916,0.324810252436,3.99388992404)
(0.335563775584,0.32658222353,4.00103591374)
(0.333654742063,0.328149392064,4.00467232414)
(0.326581464789,0.324695727872,4.0026116945)
(0.319056985534,0.317830373097,4.00539873753)
(0.316700221693,0.31794303294,4.00888663133)
(0.323266084698,0.317716875715,4.00865621743)
(0.331135827628,0.313967943537,4.00164668358)
(0.334882392449,0.311267001003,4.00089974982)
(0.335400132735,0.308794177017,3.99589662384)
(0.341191162375,0.312389162208,3.98400776703)
(0.354221900159,0.310658074839,3.97637702652)
(0.353219191711,0.311433877572,3.97328270851)
(0.34876115273,0.315450769015,3.97834905266)
(0.356515307952,0.316021617772,3.97351622239)
(0.363703537164,0.310756740716,3.9776612896)
(0.363420707044,0.315083122991,3.97886064463)
(0.36103173629,0.319079417504,3.98006042605)
(0.361459528376,0.313678780783,3.9795337333)
(0.366772412899,0.313299326889,3.97931621288)
(0.368160592202,0.312933978729,3.98728758813)
(0.368678213071,0.312338926894,3.98637870422)
(0.376994855345,0.30812801676,3.98313053354)
(0.376349812489,0.305037596435,3.98257721311)
(0.371240779298,0.305624674884,3.98346119935)
(0.372343268126,0.307998660409,3.97806107599)
(0.3763423765,0.305427908135,3.97894892388)
(0.382116387568,0.310435889537,3.98104755655)
(0.377889092545,0.313782227268,3.9857788765)
(0.373516658128,0.311608405027,3.97987616883)
(0.370679523707,0.313828286952,3.96867404929)
(0.364814856052,0.315929813673,3.97380408238)
(0.364672442545,0.318156307555,3.97489455455)
(0.364157105092,0.322814392507,3.9751953094)
(0.364271402821,0.324085875523,3.97189846692)
(0.363504464588,0.322921843082,3.97557822855)
(0.35904359923,0.324499242163,3.98183452309)
(0.358163165504,0.322860418045,3.98083602022)
(0.358151832247,0.321568093221,3.97878967307)
(0.355208003527,0.319122059744,3.98324362323)
(0.355630817586,0.319945390675,3.98483613756)
(0.358065528035,0.321018780934,3.9879865966)
(0.357707993501,0.321296463922,3.9938265674)
(0.357497851365,0.322381393241,3.98925460373)
(0.356372362339,0.321583140846,3.99146542178)
(0.360018153464,0.318796791686,3.99062858004)
(0.366948996714,0.319725302676,3.9817607458)
(0.374935001062,0.322303433303,3.97842849979)
(0.376541879959,0.322706917926,3.9762068977)
(0.378161450441,0.326763154691,3.97811837546)
(0.374778137572,0.326939983837,3.97748563061)
(0.372160392067,0.324988381655,3.97332601164)
(0.375574275306,0.325467959403,3.97234607396)
(0.376297440327,0.327819668628,3.97520201501)
(0.37865156065,0.330716785399,3.97191344365)
(0.381004081856,0.330496811914,3.97688018994)
(0.379908505929,0.329476096013,3.97948663221)
(0.380277048674,0.326578898618,3.97978634533)
(0.380054135844,0.324137597738,3.98052607962)
(0.378374094043,0.321160391386,3.98296197619)
(0.381433125406,0.321797755007,3.97928404625)
(0.383240776428,0.319790591125,3.97733688039)
(0.384566745476,0.317176859752,3.97282960207)
(0.388322832029,0.316718100932,3.97200832994)
(0.38711208681,0.319153458566,3.96985444377)
(0.386131427851,0.318504075287,3.97143083708)
(0.383302875359,0.319178388221,3.97962172941)
(0.383484240205,0.320195373802,3.97901644265)
(0.384874545626,0.319325627939,3.97621337901)
(0.383402676232,0.318973656561,3.97509972501)
(0.380005964407,0.32199571666,3.97451821427)
(0.377679249979,0.32424511302,3.97523757305)
(0.374393969473,0.324735019853,3.97415052169)
(0.370152226705,0.324771319051,3.97438503811)
(0.37166575405,0.324631558707,3.97993542923)
(0.372171046069,0.326117328951,3.97826019274)
(0.370256358143,0.32614804962,3.97522770173)
(0.3698669913,0.322004472512,3.96973568635)
(0.369550184811,0.32194642505,3.96604535727)
(0.367265094265,0.320866153796,3.96447166555)
(0.364036042507,0.319713308739,3.96755576598)
(0.361123209272,0.317643266027,3.96972627622)
(0.361843573308,0.31622913094,3.96997031235)
(0.362734191,0.313627445711,3.97013651087)
(0.361182954469,0.315193054343,3.96637811419)
(0.365206699604,0.313316842403,3.96930040964)
(0.363854653384,0.317185621221,3.97416302849)
(0.360663850547,0.315831086863,3.98435324827)
(0.360720992646,0.314008208968,3.98646419775)
(0.361002675857,0.314696252538,3.98200331094)
(0.364038126978,0.317321010403,3.97080465737)
(0.363158605334,0.321178094966,3.96808289158)
(0.36317949619,0.323836486637,3.96641864176)
(0.366486451612,0.321763220348,3.97145722248)
(0.36701190082,0.319958503589,3.9776914029)
(0.365415521367,0.318167267386,3.97596030811)
(0.365069623047,0.31542251083,3.97715262754)
(0.369146632087,0.3167292215,3.97336018074)
(0.372564253773,0.314716007481,3.97859948885)
(0.373883832579,0.31270984235,3.97777357648)
(0.375583737595,0.312329554013,3.97863553958)
(0.374686742315,0.311882578177,3.9819494372)
(0.369462475329,0.310313104029,3.98158988286)
(0.369429585686,0.308586250331,3.98242080581)
(0.370109115776,0.307393422041,3.98588926011)
(0.374302933043,0.308243507916,3.98846664846)
(0.374507211942,0.306463724199,3.98860991289)
(0.370918175366,0.302996396129,3.9846011279)
(0.372728905743,0.306114430283,3.98256145756)
(0.372389065618,0.307140154647,3.98587768916)
(0.371440335446,0.305589110119,3.98507655187)
(0.37352797307,0.305328551905,3.985930957)
(0.374038256048,0.309960115997,3.98471549475)
(0.375175847588,0.310477294981,3.98326455613)
(0.376627694532,0.310623087716,3.9823959015)
(0.376136238712,0.314069296292,3.9785648667)
(0.371873255879,0.317671698431,3.97554155914)
(0.369652524572,0.318972730746,3.97867779902)
(0.368073554945,0.318721268117,3.9813272788)
(0.370162372659,0.319723608682,3.97843524004)
(0.370334640111,0.316841493316,3.97926456231)
(0.370610116239,0.318464514154,3.9776767837)
(0.371507953335,0.31625244901,3.97461898295)
(0.370397054701,0.318252821741,3.97391670356)
(0.367252208052,0.3136174123,3.96815206575)
(0.370079891657,0.309695514054,3.9689933193)
(0.378248379842,0.311322039486,3.96661472906)
(0.382131547044,0.31536134099,3.96164534427)
(0.373901606147,0.315180737197,3.96584672635)
(0.359794915493,0.31689183232,3.97153009389)
(0.345529961702,0.313981504651,3.96882674453)
(0.331627943037,0.308163898313,3.97211451353)
(0.313436861177,0.29972227621,3.98082341457)
(0.299497251991,0.295935299014,3.9945997275)
(0.290728008915,0.300317693039,4.00463833634)
(0.276572213494,0.297300957192,4.00208365686)
(0.262249381558,0.29301330393,3.99981428018)
(0.254465212952,0.289540565845,4.00742224443)
(0.253748261144,0.288685777176,4.01218543559)
(0.250442159898,0.289444144768,4.01546366484)
(0.251517758873,0.287208370175,4.01390811754)
(0.252183091733,0.291354184798,4.01343547241)
(0.258120572088,0.296491240767,4.00101588054)
(0.256011429277,0.296797221898,3.99512728825)
(0.257733176567,0.300460176677,3.99062936576)
(0.263342612274,0.30432101183,3.99374191176)
(0.265333683411,0.3024590319,3.99565227718)
(0.26324293194,0.304976823526,3.98949749736)
(0.263795503812,0.308058551638,3.98371677403)
(0.264260989675,0.30974831036,3.97869454033)
(0.265062108312,0.312825939815,3.97597286003)
(0.263154108657,0.311664745909,3.97834010436)
(0.264144790012,0.315210197022,3.98222552107)
(0.261522335873,0.311602635373,3.98400328225)
(0.253031196607,0.30441819913,3.98588742607)
(0.24841580155,0.307669958352,3.98546422623)
(0.246715000516,0.311741456464,3.98728858983)
(0.265208495336,0.310231303098,3.97035161129)
(0.299118295955,0.31097710657,3.95583873204)
(0.316554778807,0.310336583397,3.96255626602)
(0.33432644303,0.30770102247,3.96769273874)
(0.349278014103,0.306238811006,3.96074832591)
(0.358482145189,0.304504912529,3.95446558423)
(0.367064133659,0.30937442593,3.9489968258)
(0.38109989223,0.311767349673,3.94550265997)
(0.392199740465,0.308735153699,3.94025896203)
(0.404344270435,0.309235136373,3.94522560443)
(0.390785953871,0.310250434453,3.96514536422)
(0.388364388352,0.314847816817,3.96506323184)
(0.386165024044,0.318212186174,3.96060850825)
(0.380504615358,0.321033273894,3.95724264941)
(0.377116100858,0.321799681682,3.96240674211)
(0.379775793181,0.323196142017,3.96914625204)
(0.383335784919,0.326692564894,3.96703432664)
(0.381365090072,0.327851489455,3.97162837824)
(0.380849242116,0.331801667858,3.97756135341)
(0.382379833044,0.32984224364,3.98139645672)
(0.380456369369,0.326791427561,3.97842028612)
(0.377176308203,0.325686500502,3.97654987432)
(0.380140832356,0.321985801282,3.97412848628)
(0.386354701059,0.31875897284,3.97430852839)
(0.388633319303,0.317137633476,3.96528801737)
(0.386104606689,0.314113370119,3.96189336099)
(0.386561254279,0.313160704192,3.96339878754)
(0.385245680888,0.312541915204,3.96612898545)
(0.384252623577,0.313928488381,3.96609663276)
(0.388278174882,0.31234842586,3.96697452276)
(0.391820503501,0.307824241483,3.97114914815)
(0.391687675485,0.305380686135,3.97350456528)
(0.388604460681,0.307962884732,3.97391290178)
(0.381902832594,0.308640969256,3.97720264981)
(0.375153226568,0.31060970718,3.98182289931)
(0.376335623444,0.311171183819,3.98612918931)
(0.377129405376,0.314796379254,3.98919240028)
(0.378999949831,0.313938878448,3.99002470265)
(0.372609835143,0.314690428464,3.98887599753)
(0.36557325902,0.318738910972,3.99043580792)
(0.357883581836,0.319828316569,3.9927338804)
(0.354700074846,0.322424242524,3.98980577423)
(0.354571935503,0.320764216957,3.98903136037)
(0.354248733502,0.316696926062,3.99134168745)
(0.351658451148,0.313602492869,3.99207294302)
(0.346967607112,0.309464619422,3.98872009436)
(0.33726145447,0.307143995297,3.99127825882)
(0.328551225415,0.309083428816,3.99605154313)
(0.326431128422,0.306901109055,3.99308825186)
(0.317672052481,0.305772041484,3.99273499477)
(0.31579140374,0.303781927786,3.9929158855)
(0.311544708287,0.306500635002,3.99092574511)
(0.312400293625,0.311475382201,3.98833646646)
(0.309177773774,0.314681397524,3.98437446789)
(0.303440967067,0.316182232572,3.98384947661)
(0.300753522497,0.317273213449,3.98321767224)
(0.299828250391,0.315853407999,3.98078646749)
(0.291057902897,0.312827576923,3.98061511541)
(0.286332330089,0.31232565571,3.9841503999)
(0.288269099857,0.313267153049,3.99008214572)
(0.285700514542,0.310690144469,3.99434824729)
(0.284642845152,0.306414552999,3.99792542949)
(0.283878763982,0.304000820096,4.00014459855)
(0.286070214596,0.303337860472,4.00054023296)
(0.28213865414,0.305088458711,3.99877035773)
(0.279561761782,0.309449213939,3.99124631445)
(0.279497525442,0.315359975946,3.98735201159)
(0.280451101272,0.323292312992,3.98587919674)
(0.286036315548,0.330014371521,3.98117289168)
(0.291277357139,0.337304770772,3.98395937009)
(0.290278534307,0.341639374643,3.9929700488)
(0.283876614549,0.34415220532,3.99656042815)
(0.278753759409,0.347972057425,3.99176934135)
(0.279456905876,0.34605872398,3.9815003199)
(0.25720621305,0.337491949369,3.98506801826)
(0.238420142265,0.337776531499,3.98639235013)
(0.235186509627,0.339480341129,3.97541556595)
(0.237345861364,0.330808787736,3.97525693452)
(0.236549278169,0.317404015406,3.97453291472)
(0.233502213513,0.307734610343,3.97745155692)
(0.231662006081,0.302109667829,3.97507798467)
(0.231017570129,0.293425970793,3.97658370374)
(0.226606004313,0.287158383348,3.98017381129)
(0.225070944551,0.283545353343,3.9853240597)
(0.236703028826,0.279112077258,3.98491593995)
(0.237070246325,0.273549243014,3.9993567298)
(0.237199057918,0.271697041733,4.00772288844)
(0.231878710906,0.276590814109,4.00757596616)
(0.232011804246,0.280279761714,4.00596467942)
(0.230761405143,0.28566510655,4.00311469019)
(0.22695140096,0.296026511354,3.99907804697)
(0.226879707905,0.309214339677,3.99667951439)
(0.225614793624,0.319456513012,3.99524926087)
(0.221642004158,0.326882954835,3.99376812454)
(0.2196943067,0.331321892709,3.98841023354)
(0.220013697689,0.338272286386,3.98338406052)
(0.217850761764,0.345136161592,3.98055758385)
(0.215387064871,0.347401156078,3.97631863147)
(0.210395994225,0.350171610301,3.97806699291)
(0.210637330528,0.349096768174,3.98233905975)
(0.21305339736,0.344743144481,3.99010331143)
(0.213300683615,0.337413552224,3.99242066952)
(0.218166231715,0.327547979556,3.99323859657)
(0.219478358013,0.321375111796,3.99435703193)
(0.217474802763,0.313788870103,3.99777095484)
(0.216826422144,0.303792704797,3.99908424435)
(0.21898982192,0.295474805034,4.00255249485)
(0.221305496365,0.28818477303,4.00005736154)
(0.222728760573,0.282658472368,3.99449060606)
(0.22340213923,0.280087340505,3.99191959612)
(0.226979712099,0.279239675251,3.9940824485)
(0.225052018124,0.280889306597,3.99600534671)
(0.223709085994,0.284389507619,3.99954664227)
(0.223127040447,0.289105456303,4.00303857995)
(0.223146675262,0.293665740217,3.99921220087)
(0.221986548772,0.302681457107,3.9936120672)
(0.21902374312,0.314517066196,3.98765638897)
(0.215711874472,0.321936940666,3.98500586836)
(0.215481409234,0.328496199122,3.98428012157)
(0.21281560808,0.335387890165,3.98456260542)
(0.209406946267,0.340853851176,3.98358029039)
(0.208330181819,0.343607054909,3.98073451958)
(0.209259843151,0.342630283558,3.97452197653)
(0.210465195785,0.340988841701,3.97572200788)
(0.212213349638,0.337012989509,3.98474021222)
(0.214924689755,0.327962677081,3.99086854211)
(0.216773996973,0.320582996954,3.99267963631)
(0.217717801526,0.313225623345,3.99023073398)
(0.218044725283,0.303163204935,3.99244752256)
(0.222065462417,0.292732308471,3.99309127627)
(0.229063766687,0.2830238088,3.99508808929)
(0.235634214528,0.278694902122,3.99369357972)
(0.242174295313,0.276479470334,3.99296292069)
(0.243340173112,0.273519040551,4.0022735799)
(0.242278739587,0.268990810581,4.00429620773)
(0.246112831919,0.26622294137,4.00113168433)
(0.246424337789,0.27102098691,3.99914144859)
(0.247483819736,0.280036278988,3.99519612474)
(0.245234310477,0.286957873695,3.99365332424)
(0.23793038819,0.294454492411,3.99325256835)
(0.235651220002,0.301292228841,3.99004521428)
(0.232888948362,0.308654030499,3.98749176595)
(0.232185488027,0.31819447274,3.98275527741)
(0.231107413325,0.327101563493,3.97587309753)
(0.22822065616,0.334295998417,3.97831513305)
(0.227365063701,0.33728931077,3.97725793528)
(0.226563499438,0.339649682996,3.97843317325)
(0.225399503222,0.337713754886,3.98034773742)
(0.228825637245,0.337376742017,3.98169123577)
(0.230116898347,0.337615074503,3.98268734546)
(0.231672949491,0.332544971917,3.98714067937)
(0.229811005378,0.323205250677,3.99253112765)
(0.23248854122,0.313799072834,3.99250407401)
(0.237914950688,0.305250457135,3.99901701705)
(0.237015245924,0.298939633519,4.00119212381)
(0.236074233122,0.290951543214,4.00474725492)
(0.238170047717,0.286636798309,4.0117823242)
(0.235469798584,0.282959427464,4.01187924665)
(0.233212193308,0.281864987047,4.01025565573)
(0.228835309806,0.284651245416,4.007441062)
(0.228167345408,0.289639727663,4.00317111821)
(0.229494870806,0.294415667216,4.00253479341)
(0.22367492558,0.296207075484,4.00095453014)
(0.219973416408,0.304662252484,3.99806233992)
(0.220565033283,0.31152647621,4.00197878461)
(0.218616810651,0.320227913509,3.9982495547)
(0.216969523476,0.326404148615,3.99305462305)
(0.217321053219,0.328454671596,3.99275768519)
(0.219223944387,0.331038618714,3.99107657653)
(0.218988720694,0.335320714542,3.99505614999)
(0.21596209897,0.332937521413,3.99721198241)
(0.214443814206,0.3309547197,3.99656514442)
(0.214640766636,0.325024176625,3.99309702647)
(0.21332013716,0.320033048079,3.99105403481)
(0.213911140035,0.315347346868,3.98897108769)
(0.21633048099,0.309661040749,3.98774854924)
(0.217713982736,0.309132875856,3.98243483384)
(0.216923194656,0.308424294669,3.98304871459)
(0.214915771013,0.306274024947,3.98651601133)
(0.212732671994,0.311174798375,3.98675846754)
(0.212029302251,0.318935062296,3.9842647245)
(0.214115388533,0.323270772073,3.98630616121)
(0.214694471692,0.324709950662,3.9866924115)
(0.214221934077,0.323099438837,3.98745431769)
(0.211506867917,0.320968090761,3.99387151076)
(0.210684286711,0.31769094036,3.99865300983)
(0.212729956655,0.317632051112,4.00034887855)
(0.215917467136,0.319335718663,3.99724706052)
(0.217997456079,0.317457450477,3.99334183465)
(0.221083807301,0.310483099795,3.99802796081)
(0.219518089664,0.304504917041,4.00399210761)
(0.222962557103,0.300627136047,4.01080376725)
(0.232113500765,0.299449724216,4.01444686204)
(0.237335082124,0.301020881532,4.0126522006)
(0.23430051528,0.301277923942,4.01351616333)
(0.228084923794,0.30397380682,4.00459003449)
(0.220392280174,0.30734836624,3.98787437624)
(0.218518094477,0.309292370398,3.98503697397)
(0.220512529513,0.307601740045,3.98876063589)
(0.222365199622,0.309336031679,3.98874424764)
(0.223318960117,0.311636557432,3.98875826708)
(0.219681567466,0.314482569021,3.98719275027)
(0.210385089775,0.316804547281,3.99235476304)
(0.207624214065,0.319621284357,3.98961695433)
(0.20988592246,0.324614101884,3.9918608337)
(0.213402630584,0.323235394579,4.0040008909)
(0.217325905023,0.32183909843,4.00972244956)
(0.216116977518,0.323353068513,3.99877397534)
(0.208367161755,0.334398556883,3.98205059873)
(0.197351524964,0.344193187459,3.96816411833)
(0.190403099732,0.343543011065,3.96781972594)
(0.191564920343,0.336244281568,3.97052690488)
(0.195881927319,0.339263732523,3.97290883019)
(0.196739289336,0.336995640529,3.97398079429)
(0.190433758352,0.332935239866,3.97600652709)
(0.188897521646,0.330721781577,3.97982132459)
(0.196232961098,0.329813297291,3.98060723609)
(0.203432870233,0.325728714159,3.98913384374)
(0.211300322859,0.317635468092,3.99673040737)
(0.220778437243,0.31919484017,3.99500602089)
(0.225133007523,0.328275041168,3.99248406234)
(0.227445938194,0.331667797161,3.98922499587)
(0.224469001667,0.331305444244,3.99503443558)
(0.209067850937,0.328685285963,4.00513797565)
(0.206614089695,0.323199559621,4.0091062485)
(0.215374248346,0.311206387293,4.01627882356)
(0.219605748538,0.306231811003,4.02068476502)
(0.231315760702,0.316748000316,4.00923229181)
(0.266288868494,0.322585166891,3.99624732963)
(0.287135968658,0.320650779511,3.98963974318)
(0.305553908897,0.321488921511,3.98634048696)
(0.32024340637,0.320950445373,3.98057440477)
(0.341686661093,0.321991813683,3.97094841574)
(0.362888810437,0.317883530819,3.96894095679)
(0.371741584302,0.320801536477,3.97103606319)
(0.377824253276,0.325561202062,3.96424677224)
(0.388227914736,0.32289418234,3.96073444128)
(0.376895292452,0.314065753066,3.97858975282)
(0.369540534996,0.313555684921,3.99009875259)
(0.374679249206,0.312894374038,3.98557931362)
(0.374848130327,0.315679631162,3.9823762948)
(0.371311357162,0.316147558123,3.99017538717)
(0.365630984906,0.318455265993,3.99764613963)
(0.367147898289,0.32288814982,3.99163164239)
(0.36495356828,0.323959519233,3.99273412016)
(0.367578458849,0.328014061106,3.99479879773)
(0.373989818173,0.329819966029,3.98959783387)
(0.373212872832,0.333680332721,3.98670199407)
(0.370825378485,0.336099091687,3.98121448766)
(0.367721918113,0.33856136964,3.98558414025)
(0.36390540338,0.337488368146,3.98875313217)
(0.364140926228,0.337532496772,3.99216810001)
(0.363380314183,0.336595937123,3.99541210319)
(0.363834215589,0.337088480746,3.99756787985)
(0.363927121454,0.335660960684,4.00123265599)
(0.363268763881,0.33304123004,4.00291413079)
(0.365268233874,0.328922811178,3.9960385614)
(0.365326145577,0.323061253914,3.99900563575)
(0.36678316005,0.320634835446,3.9972348731)
(0.371366470771,0.321871824315,3.98788804653)
(0.375881189979,0.32330211013,3.98076082664)
(0.374847704048,0.320943196613,3.98101573457)
(0.373751475697,0.318327010336,3.9758080829)
(0.375209814328,0.316422003204,3.97245717253)
(0.373191304744,0.3192702022,3.96902174882)
